4.290074510733782 4.753035374189699 5.2312549876899626 5.719648812230301 6.212429449511463 6.703200460356394 7.185079474201354 7.550345754095918 7.676181961208854 7.550345754095918 7.676181961208854
5.2312549876899626 5.719648812230301 6.212429449511463 6.703200460356394 7.185079474201354 7.650848050376606 8.093124265299622 8.47648481046321 8.617756314171563 8.47648481046321 8.617756314171563
6.212429449511463 6.703200460356394 7.185079474201354 7.650848050376606 8.093124265299622 8.5045526153582 8.878004635377174 9.206782722788244 9.360225578954148 9.206782722788244 9.360225578954148
7.185079474201354 7.650848050376606 8.093124265299622 8.5045526153582 8.878004635377174 9.206782722788244 9.484819100234919 9.706861697088364 9.836069275391278 9.691010528215918 9.836069275391278
8.093124265299622 8.5045526153582 8.878004635377174 9.206782722788244 9.484819100234919 9.706861697088364 9.868639011493974 9.966996729675936 10.0 9.953678052263108 10.0
8.878004635377174 9.206782722788244 9.484819100234919 9.706861697088364 9.868639011493974 9.966996729675936 10.0 9.966996729675936 9.992574028003128 9.983299317301158 9.881843901064201
9.484819100234919 9.706861697088364 9.868639011493974 9.966996729675936 10.0 9.966996729675936 9.970329182671387 10.0 9.933364430642625 9.777787025014764 9.535686334944177
9.868639011493974 9.966996729675936 10.0 9.966996729675936 9.933364430642625 9.99814298979178 9.993390614913519 9.940672554230032 9.681224573160904 9.351537788990653 8.985492857776258
10.0 9.966996729675936 9.881843901064201 9.983299317301158 10.0 9.973588658489748 9.973588658489748 9.764793724100514 9.484819100234919 9.206782722788244 8.76138228889075
9.836069275391278 9.836069275391278 10.0 9.953678052263108 9.940672554230032 9.993390614913519 10.0 9.966996729675936 9.868639011493974 9.674825879029632 9.206782722788244
