2.2591345268298606 2.992094137681475 3.8339952551219048 4.7530353741896985 5.700772100639426 6.615146556493746 7.426572389044386 8.066414308510229 8.47648481046321 8.70696738961232 8.918734545862957 9.114768079164643 9.293816048254962 9.454718144579902 9.596418198461727 9.717975716010237 9.818576270624057 9.897540588532365 9.954332186616458 9.98856344238074 10.0
2.4537719579697965 3.249880254342885 4.1643159945896855 5.16253670505896 6.191926400662322 7.185079474201354 8.066414308510229 8.76138228889075 9.206782722788244 9.40316779013957 9.5513789620768 9.67974757592417 9.787416105544038 9.87365930339209 9.937892335382479 9.979677385383443 9.998728625009658 9.994915469793055 9.968264069839487 9.918957011166626 9.847331232494916
2.578513814760024 3.415093690724336 4.376016396389106 5.424983430087793 6.506703979653857 7.550345754095918 8.47648481046321 9.206782722788244 9.674825879029632 9.847331232494916 9.918957011166626 9.968264069839487 9.994915469793055 9.998728625009658 9.979677385383443 9.937892335382479 9.87365930339209 9.787416105544038 9.67974757592417 9.5513789620768 9.40316779013957
2.621488058457631 3.4720106122762973 4.4489483287164315 5.515397744971643 6.615146556493746 7.676181961208854 8.617756314171563 9.360225578954148 9.836069275391278 10.0 9.98856344238074 9.954332186616458 9.897540588532365 9.818576270624057 9.717975716010237 9.836069275391278 9.674825879029632 9.293816048254962 9.11476807916464 8.918734545862957 8.70696738961232
2.578513814760024 3.415093690724336 4.376016396389106 5.424983430087793 6.506703979653857 7.550345754095918 8.47648481046321 9.206782722788244 9.674825879029632 9.836069275391278 9.753874190741875 9.639218336266673 9.50413398545998 9.360225578954148 9.836069275391278 10.0 9.917695939779197 9.674825879029632 9.206782722788244 8.47648481046321 7.818019384516086
2.454303926631536 3.249880254342885 4.1643159945896855 5.16253670505896 6.191926400662322 7.185079474201354 8.066414308510229 8.76138228889075 9.206782722788244 9.360225578954148 9.236094327240767 9.051250789516857 8.84982946186987 9.206782722788244 9.674825879029632 9.917695939779197 10.0 9.836069275391278 9.360225578954148 8.76138228889075 8.066414308510229
3.249880254342885 3.4569904465413352 3.8339952551219048 4.7530353741896985 5.700772100639426 6.615146556493746 7.426572389044386 8.066414308510229 8.47648481046321 8.617756314171563 8.76138228889075 9.206782722788244 9.384058094622189 9.498093862380557 9.601300008453618 9.693295156045865 9.836069275391278 9.836069275391278 9.674825879029632 9.206782722788244 8.47648481046321
4.1643159945896855 4.404805874444666 4.642045944852628 4.883587237537281 5.128794755602434 5.892376950158821 6.615146556493746 7.185079474201354 7.550345754095918 8.47648481046321 9.206782722788244 9.674825879029632 9.842324327183976 9.898799097093011 9.942947857255108 9.974603188271288 9.99364474123717 10.0 9.836069275391278 9.360225578954148 8.617756314171563
5.16253670505896 5.439408437232448 5.690277707362153 5.942403089981298 6.194947179960941 6.4470340193727935 6.697753656381814 6.946167193991267 7.676181961208854 8.617756314171563 9.360225578954148 9.836069275391278 10.0 9.99364474123717 9.974603188271288 9.942947857255108 9.898799097093011 9.842324327183976 9.674825879029632 9.360225578954148 9.206782722788244
6.191926400662322 6.509878325634759 6.760110472449025 7.007797908577739 7.251973346712498 7.491653519902749 7.725845554819225 7.953553645774814 8.173785968982452 8.47648481046321 9.206782722788244 9.674825879029632 9.836069275391278 9.773736979742164 9.693295156045865 9.601300008453618 9.55446527082206 9.66696442831472 9.763841236825028 9.836069275391278 9.674825879029632
7.185079474201354 7.550345754095918 7.783419312483976 8.009351134734578 8.227560683350305 8.437071094843745 8.636925577591505 8.826194635026507 9.003983227028344 9.169437792797233 9.32175305844657 9.460178553571637 9.584024763153593 9.692668844326795 9.78555984174211 9.862223340449972 9.922265501336371 9.965376431089007 9.991332846348707 10.0 9.836069275391278
8.066414308510229 8.47648481046321 8.685270831556451 8.871752180992434 9.046535515920427 9.20877871914319 9.35768961972313 9.492532425182917 9.612633771085212 9.717388318475164 9.806263834126014 9.878805693955803 9.934640756309857 9.973480558941084 9.995123801364453 9.999458082696712 9.986460873989442 9.956199713286532 9.90883162104309 9.844601742985503 9.674825879029632
8.76138228889075 9.206782722788244 9.392746619940047 9.523964623084165 9.640283246777924 9.741114973784372 9.82594657472346 9.894343458686883 9.945953381478075 9.980509467208547 9.997832506985105 9.997832506985105 9.980509467208547 9.945953381478075 9.894343458686883 9.82594657472346 9.741114973784372 9.640283246777924 9.523964623084165 9.392746619940047 9.206782722788244
9.206782722788244 9.674825879029632 9.844601742985503 9.90883162104309 9.956199713286532 9.986460873989442 9.999458082696712 9.995123801364453 9.973480558941084 9.934640756309857 9.878805693955803 9.806263834126014 9.717388318475164 9.612633771085212 9.492532425182917 9.35768961972313 9.20877871914319 9.046535515920427 8.871752180992434 8.685270831556451 8.47648481046321
9.360225578954148 9.836069275391278 10.0 9.991332846348707 9.965376431089007 9.922265501336371 9.862223340449972 9.78555984174211 9.692668844326795 9.584024763153593 9.460178553571637 9.32175305844657 9.169437792797233 9.003983227028344 8.826194635026507 8.636925577591505 8.437071094843745 8.227560683350303 8.009351134734578 7.783419312483976 7.550345754095918
9.206782722788244 9.674825879029632 9.836069275391278 9.763841236825028 9.66696442831472 9.55446527082206 9.426913150744426 9.284948088599227 9.129275392364649 8.960659825534036 8.779919357297189 8.587918566211378 8.385561771629176 8.17378596898245 7.953553645774814 7.725845554819225 7.491653519902749 7.2519733467124965 7.007797908577739 6.760110472449025 6.509878325634759
8.76138228889075 9.206782722788244 9.360225578954148 9.24728610104296 9.08830380250401 8.916578389942377 8.732940115217179 8.538264144985138 8.333463635910306 8.119482632914481 7.897288867341108 7.667866531326507 7.432209103064459 7.191312295062927 6.946167193991267 6.697753656381814 6.4470340193727935 6.1949471799609395 5.942403089981298 5.690277707362153 5.439408437232448
8.066414308510229 8.47648481046321 8.617756314171563 8.487976789195574 8.280791603649938 8.064665918843332 7.84057225799193 7.609497803781814 7.372437247744045 7.130385780133613 6.8843322879019055 6.635252823823058 6.384104404587578 6.131819189814392 5.879299087566112 5.627410825196434 5.376981517331114 5.128794755602435 4.88358723753728 4.642045944852628 4.4048058744446665
7.185079474201354 7.550345754095918 7.676181961208854 7.550754942571545 7.312353491402503 7.069209201543779 6.822308351766498 6.5726228032134575 6.32110388809287 6.068676691300789 5.81623476889998 5.564635340548113 5.314694985891258 5.067185867736713 4.82283249760767 4.582309052170817 4.346237242120913 4.115184728499198 3.8896640752012974 3.6701322206708866 3.4569904465413352
6.191926400662322 6.506703979653857 6.615146556493746 6.506703979653857 6.258046758247541 6.00553345018421 5.753223304887799 5.501963765233152 5.252560639758828 5.005774460252983 4.762317384504296 4.522850650959232 4.28798258518622 4.058267151528994 3.834203037218922 3.616233250582559 3.4047452098866766 3.2000712948576924 3.0024898290314757 2.81222645785737 2.629455884907706
