5.515397744971643 5.424983430087793 5.16253670505896 4.7530353741896985 4.290074510733782 3.846690592068213 3.426401937663095 3.0319217616497984 2.665178523108102 2.327358313457277 2.018965179946555 1.7398949927576945 1.4895184228723737 1.6502589259711273 1.7924382226230624 1.8835600040687885 1.9149519501466306 1.8835600040687885 2.06679385368888 2.558726830588538 3.1189392834712186 3.7432269002327874 4.423251378144499 5.146278976012151 5.895236936791476 6.615146556493746 7.185079474201354 7.550345754095918 7.676181961208854 7.550345754095918 7.185079474201354
6.615146556493746 6.506703979653857 6.191926400662322 5.719648812230301 5.2312549876899626 4.753035374189699 4.290074510733782 3.846690592068213 3.426401937663095 3.0319217616497984 2.665178523108102 2.327358313457277 2.018965179946555 2.2591345268298606 2.4537719579697965 2.578513814760024 2.621488058457631 2.578513814760024 2.591763871870648 3.156144972953056 3.7842053135945526 4.46733657692346 5.192528545719695 5.94244740727936 6.695885773018708 7.428599783823757 8.066414308510229 8.47648481046321 8.617756314171563 8.47648481046321 8.066414308510229
7.676181961208854 7.550345754095918 7.185079474201354 6.703200460356394 6.212429449511463 5.719648812230301 5.2312549876899626 4.753035374189699 4.290074510733782 3.846690592068213 3.426401937663095 3.0319217616497984 2.665178523108102 2.992094137681475 3.249880254342885 3.415093690724336 3.4720106122762973 3.415093690724336 3.249880254342885 3.8254002891295 4.511587493553667 5.238875977872577 5.989672626289223 6.7425517799894195 7.473116112565762 8.155214818311173 8.762445224821738 9.206782722788244 9.360225578954148 9.206782722788244 8.76138228889075
8.617756314171563 8.47648481046321 8.093124265299622 7.650848050376606 7.185079474201354 6.703200460356394 6.212429449511463 5.719648812230301 5.2312549876899626 4.753035374189699 4.290074510733782 3.846690592068213 3.426401937663095 3.8339952551219048 4.1643159945896855 4.376016396389106 4.4489483287164315 4.376016396389106 4.1643159945896855 4.556000374898035 5.285316498493042 6.036906959395662 6.789131200784908 7.51744321163782 8.195630047447647 8.797327736491829 9.297697932289042 9.675119304538496 9.836069275391278 9.674825879029632 9.206782722788244
9.360225578954148 9.206782722788244 8.878004635377174 8.5045526153582 8.093124265299622 7.650848050376606 7.185079474201354 6.703200460356394 6.212429449511463 5.719648812230301 5.2312549876899626 4.753035374189699 4.290074510733782 4.7530353741896985 5.16253670505896 5.424983430087793 5.515397744971643 5.424983430087793 5.16253670505896 5.3318452741246105 6.084144725903863 6.83561776719817 7.561574565368595 8.235745996905797 8.831813388236633 9.325090595636048 9.694211063826033 9.92266016555684 10.0 9.836069275391278 9.360225578954148
9.836069275391278 9.706861697088364 9.484819100234919 9.206782722788244 8.878004635377174 8.5045526153582 8.093124265299622 7.650848050376606 7.185079474201354 6.703200460356394 6.212429449511463 5.719648812230301 5.2312549876899626 5.700772100639426 6.191926400662322 6.506703979653857 6.615146556493746 6.506703979653857 6.191926400662322 6.131380199868386 6.882005184865889 7.605503655361614 8.275556323414838 8.86589643272152 9.35199668501717 9.712751336162695 9.931993613457536 9.999696721560088 9.912734197563138 9.674825879029632 9.206782722788244
10.0 9.966996729675936 9.868639011493974 9.706861697088364 9.484819100234919 9.206782722788244 8.878004635377174 8.5045526153582 8.093124265299622 7.650848050376606 7.185079474201354 6.703200460356394 6.212429449511463 6.615146556493746 7.185079474201354 7.550345754095918 7.676181961208854 7.550345754095918 7.185079474201354 6.928287134621681 7.649223962065364 8.315054708596072 8.899571173659703 9.378411527825326 9.730736815561793 9.94073285116052 9.998786941425921 9.902217505706366 9.655479458129241 9.269823442408727 8.76138228889075
9.868639011493974 9.966996729675936 10.0 9.966996729675936 9.868639011493974 9.706861697088364 9.484819100234919 9.206782722788244 8.878004635377174 8.5045526153582 8.093124265299622 7.650848050376606 7.185079474201354 7.426572389044386 8.066414308510229 8.47648481046321 8.617756314171563 8.47648481046321 8.066414308510229 7.692728966352921 8.354234860619863 8.932831967393932 9.404330527630103 9.748164290861428 9.948876295196367 9.99727082513748 9.891111991799951 9.635295017261045 9.24147194688328 8.727171650017855 8.11450667600279
9.484819100234919 9.706861697088364 9.868639011493974 9.966996729675936 10.0 9.966996729675936 9.868639011493974 9.706861697088364 9.484819100234919 9.206782722788244 8.878004635377174 8.5045526153582 8.093124265299622 8.066414308510229 8.76138228889075 9.206782722788244 9.360225578954148 9.206782722788244 8.76138228889075 8.393090515862474 8.965673224468189 9.429749165509666 9.765030646679874 9.956422469209109 9.99514864853895 9.87941966266763 9.614569566395355 9.212648338668377 8.691512856728835 8.073512008609159 7.383900736797937
8.878004635377174 9.206782722788244 9.484819100234919 9.706861697088364 9.868639011493974 9.966996729675936 10.0 9.966996729675936 9.868639011493974 9.706861697088364 9.484819100234919 9.206782722788244 8.878004635377174 8.5045526153582 9.206782722788244 9.674825879029632 9.836069275391278 9.674825879029632 9.206782722788244 8.998089411188909 9.454663001362809 9.781332864343637 9.96337000440231 9.992420797695075 9.867142629539071 9.593306780731645 9.183357581381507 8.655474735852703 8.032237224143488 7.3390254770396925 6.602318934599055
8.093124265299622 8.5045526153582 8.878004635377174 9.206782722788244 9.484819100234919 9.706861697088364 9.868639011493974 9.966996729675936 10.0 9.966996729675936 9.868639011493974 9.706861697088364 9.484819100234919 9.206782722788244 9.378934590600856 9.84098062503425 10.0 9.836069275391278 9.360225578954148 9.479067675200724 9.797068022787784 9.969717639952872 9.98908776877412 9.854283107414547 9.571510425121545 9.153604707879209 8.619063222921588 7.99068874889411 7.293980502727199 6.555430496845702 5.800882541777581
7.185079474201354 7.650848050376606 8.093124265299622 8.5045526153582 8.878004635377174 9.206782722788244 9.484819100234919 9.706861697088364 9.868639011493974 9.966996729675936 10.0 9.966996729675936 9.868639011493974 9.706861697088364 9.484819100234919 9.891875059262478 9.995009288372668 9.78057832419789 9.502958908417815 9.812233299428168 9.975464223392366 9.985150167897432 9.84084341439892 9.549184352958184 9.123394818817832 8.582284296479582 7.948873025775934 7.248772303138456 6.508480257725115 5.753749645895137 5.008164276158796
6.212429449511463 6.703200460356394 7.185079474201354 7.650848050376606 8.093124265299622 8.5045526153582 8.878004635377174 9.206782722788244 9.484819100234919 9.706861697088364 9.868639011493974 9.966996729675936 10.0 9.966996729675936 9.868639011493974 9.933110618128033 9.980052092840634 9.710846694594634 9.826825971005228 9.980608710955773 9.980608710955773 9.826825971005226 9.52633250504119 9.092733081198382 8.54514397645438 7.9067965126853395 7.203407357136355 6.461474334977009 5.706653553939736 4.962352684991307 4.248640477073161
5.2312549876899626 5.719648812230301 6.212429449511463 6.703200460356394 7.185079474201354 7.650848050376606 8.093124265299622 8.5045526153582 8.878004635377174 9.206782722788244 9.484819100234919 9.706861697088364 9.868639011493974 9.966996729675936 10.0 9.966996729675936 9.955173156945389 9.84084341439892 9.985150167897432 9.975464223392366 9.812233299428168 9.502958908417815 9.061624726896053 8.50764832252328 7.864465680859086 7.157892131666229 6.414418812437983 5.700772100639426 5.077906866771017 4.376016396389106 3.6485164400342542
4.290074510733782 4.753035374189699 5.2312549876899626 5.719648812230301 6.212429449511463 6.703200460356394 7.185079474201354 7.650848050376606 8.093124265299622 8.5045526153582 8.878004635377174 9.206782722788244 9.484819100234919 9.706861697088364 9.868639011493974 9.986143061277101 10.0 9.98908776877412 9.969717639952872 9.797068022787784 9.484819100234919 9.206782722788244 8.878004635377174 8.5045526153582 8.093124265299622 7.650848050376606 7.185079474201354 6.615146556493746 5.892376950158821 5.077906866771017 4.2337196678843325
3.426401937663095 3.846690592068213 4.290074510733782 4.753035374189699 5.2312549876899626 5.719648812230301 6.212429449511463 6.703200460356394 7.185079474201354 7.650848050376606 8.093124265299622 8.5045526153582 8.878004635377174 9.30638670009694 9.801758390592886 9.997781598367482 9.992420797695075 9.966996729675936 10.0 9.966996729675936 9.868639011493974 9.706861697088364 9.484819100234919 9.206782722788244 8.878004635377174 8.5045526153582 8.066414308510229 7.426572389044386 6.615146556493746 5.700772100639426 4.7530353741896985
2.665178523108102 3.0319217616497984 3.426401937663095 3.846690592068213 4.290074510733782 4.753035374189699 5.2312549876899626 5.892376950158821 6.649139420587376 7.383900736797937 8.073512008609159 8.691512856728835 9.212648338668377 9.614569566395355 9.87941966266763 9.999445353448657 9.956422469209109 9.765030646679874 9.868639011493974 9.966996729675936 10.0 9.966996729675936 9.868639011493974 9.706861697088364 9.484819100234919 9.206782722788244 8.76138228889075 8.066414308510229 7.185079474201354 6.191926400662322 5.16253670505896
2.018965179946555 2.327358313457277 2.665178523108102 3.0319217616497984 3.8339952551219048 4.7530353741896985 5.700772100639426 6.615146556493746 7.426572389044386 8.11450667600279 8.727171650017855 9.24147194688328 9.635295017261045 9.891111991799951 9.99727082513748 9.991129345816734 9.758361446241745 9.404330527630103 9.484819100234919 9.706861697088364 9.868639011493974 9.966996729675936 10.0 9.966996729675936 9.868639011493974 9.674825879029632 9.206782722788244 8.47648481046321 7.550345754095918 6.615146556493746 5.892376950158821
1.4895184228723737 1.7924382226230624 2.4537719579697965 3.249880254342885 4.1643159945896855 5.16253670505896 6.191926400662322 7.185079474201354 8.066414308510229 8.76138228889075 9.269823442408727 9.655479458129241 9.902217505706366 9.998786941425921 9.94468734756627 9.972858465184753 9.685564349406818 9.109760507553741 8.878004635377174 9.206782722788244 9.484819100234919 9.706861697088364 9.868639011493974 9.966996729675936 10.0 9.836069275391278 9.360225578954148 8.617756314171563 8.066414308510229 7.426572389044386 6.615146556493746
1.331167221320022 1.8835600040687885 2.578513814760024 3.415093690724336 4.376016396389106 5.424983430087793 6.506703979653857 7.550345754095918 8.47648481046321 9.206782722788244 9.674825879029632 9.912734197563138 9.999696721560088 9.931993613457536 9.972858465184753 9.94468734756627 9.603717259320417 8.98182007431463 8.13515982868286 8.5045526153582 8.878004635377174 9.206782722788244 9.484819100234919 9.706861697088364 9.836069275391278 9.674825879029632 9.360225578954148 9.206782722788244 8.76138228889075 8.066414308510229 7.185079474201354
1.353352832366127 1.9149519501466306 2.621488058457631 3.4720106122762973 4.4489483287164315 5.515397744971643 6.615146556493746 7.676181961208854 8.617756314171563 9.360225578954148 9.836069275391278 10.0 9.92266016555684 9.758361446241745 9.991129345816734 9.906700103066205 9.513059311362507 8.846839458232278 7.967697578140389 7.650848050376606 8.093124265299622 8.5045526153582 8.878004635377174 9.206782722788244 9.360225578954148 9.674825879029632 9.836069275391278 9.674825879029632 9.206782722788244 8.47648481046321 7.550345754095918
1.331167221320022 1.8835600040687885 2.578513814760024 3.415093690724336 4.376016396389106 5.424983430087793 6.506703979653857 7.550345754095918 8.47648481046321 9.206782722788244 9.674825879029632 9.836069275391278 9.675119304538496 9.821894696249812 9.999445353448657 9.859009897476984 9.413853758894783 8.705191828853888 7.7958952955698235 6.761303065720702 7.185079474201354 7.650848050376606 8.093124265299622 8.617756314171563 9.360225578954148 9.836069275391278 10.0 9.836069275391278 9.360225578954148 8.617756314171563 7.676181961208854
1.2667687798863465 1.7924382226230624 2.4537719579697965 3.249880254342885 4.1643159945896855 5.16253670505896 6.191926400662322 7.185079474201354 8.066414308510229 8.76138228889075 9.206782722788244 9.360225578954148 9.447854805227754 9.875976574217052 9.997781598367482 9.801758390592886 9.30638670009694 8.55726436766571 7.6201857462808995 6.571627215936036 6.212429449511463 6.703200460356394 7.550345754095918 8.47648481046321 9.206782722788244 9.674825879029632 9.836069275391278 9.674825879029632 9.206782722788244 8.47648481046321 7.550345754095918
1.1662864916425162 1.6502589259711273 2.2591345268298606 2.992094137681475 3.8339952551219048 4.7530353741896985 5.700772100639426 6.615146556493746 7.426572389044386 8.066414308510229 8.47648481046321 8.89259250928385 9.544241844080041 9.920446805414846 9.986143061277101 9.735115035144272 9.190965704076252 8.403456511141284 7.441003721909711 6.380898555228869 5.299182933965454 6.191926400662322 7.185079474201354 8.066414308510229 8.76138228889075 9.206782722788244 9.360225578954148 9.206782722788244 8.76138228889075 8.066414308510229 7.185079474201354
1.0388582598959775 1.4699519616297285 2.0123019345856896 2.665178523108102 3.415093690724336 4.2337196678843325 5.077906866771017 5.892376950158821 6.615146556493746 7.197444500918863 8.189941843430304 9.025267119237373 9.63199092395849 9.955173156945389 9.964564568455776 9.659276241207342 9.067918345478525 8.24417816215632 7.258784279314238 6.189522769204661 5.111250821378018 5.700772100639426 6.615146556493746 7.426572389044386 8.066414308510229 8.47648481046321 8.617756314171563 8.47648481046321 8.066414308510229 7.426572389044386 6.615146556493746
0.8952627328747844 1.2667687798863465 1.7341527702795472 2.29678590459093 2.9430445216727112 3.6485164400342542 4.376016396389106 5.236364258423255 6.317158772863598 7.380579940003631 8.350951051692856 9.150780567988582 9.710846694594636 9.980052092840634 9.933110618128032 9.574464411855715 8.937590657363096 8.07984788091903 7.073961018697873 5.997895483998193 4.925064002849927 5.077906866771017 5.892376950158821 6.615146556493746 7.185079474201354 7.550345754095918 7.676181961208854 7.550345754095918 7.185079474201354 6.615146556493746 5.892376950158821
0.7464279159783126 1.0561721667567776 1.4458549326087309 1.9149519501466306 2.578513814760024 3.415093690724336 4.376016396389106 5.424983430087793 6.508147748212787 7.560822739835982 8.506628415351646 9.268781026142776 9.780578324197892 9.995009288372668 9.891875059262476 9.480926856679789 8.800345512555365 7.9108910665116206 6.886964410220951 5.806401012889124 4.740923724026044 4.376016396389106 5.077906866771017 5.700772100639426 6.191926400662322 6.506703979653857 6.615146556493746 6.506703979653857 6.191926400662322 5.700772100639426 5.077906866771017
0.612134446509316 0.9253528115842201 1.353352832366127 1.9149519501466306 2.621488058457631 3.4720106122762973 4.4489483287164315 5.515397744971643 6.615146556493746 7.676181961208854 8.617756314171563 9.360225578954148 9.836069275391278 10.0 9.840980625034248 9.378934590600855 8.656560944054746 7.737738139998883 6.698220177803712 5.615411196657939 4.559114102531899 3.6485164400342542 4.2337196678843325 4.7530353741896985 5.16253670505896 5.424983430087793 5.515397744971643 5.424983430087793 5.16253670505896 4.7530353741896985 4.2337196678843325
0.6020996821718928 0.9101834358920482 1.331167221320022 1.8835600040687885 2.578513814760024 3.415093690724336 4.376016396389106 5.424983430087793 6.506703979653857 7.550345754095918 8.47648481046321 9.206782722788244 9.674825879029632 9.836069275391278 9.674825879029632 9.206782722788244 8.47648481046321 7.550345754095918 6.506703979653857 5.425284341612805 4.379901655683534 3.4243880053511484 3.415093690724336 3.8339952551219048 4.1643159945896855 4.376016396389106 4.4489483287164315 4.376016396389106 4.1643159945896855 3.8339952551219048 3.415093690724336
0.5729716503975442 0.866151105654776 1.2667687798863465 1.7924382226230624 2.4537719579697965 3.249880254342885 4.1643159945896855 5.16253670505896 6.191926400662322 7.185079474201354 8.066414308510229 8.76138228889075 9.206782722788244 9.360225578954148 9.206782722788244 8.76138228889075 8.066414308510229 7.185079474201354 6.191926400662322 5.16253670505896 4.1643159945896855 3.249880254342885 2.665178523108102 2.992094137681475 3.249880254342885 3.415093690724336 3.4720106122762973 3.415093690724336 3.249880254342885 2.992094137681475 2.665178523108102
