69.76763260710311 77.10515858035663 81.87307530779819 83.5270211411272 85.21437889662113 90.48374180359595 92.31163463866358 90.91055111693301 90.48374180359595 92.31163463866358 90.48374180359595
77.10515858035663 85.21437889662113 90.48374180359595 92.31163463866358 90.48374180359595 96.07894391523232 98.01986733067552 97.10165517924372 96.07894391523232 98.01986733067552 96.07894391523232
81.87307530779819 90.48374180359595 96.07894391523232 98.01986733067552 96.07894391523232 98.01986733067552 100.0 99.88242211819781 99.53051729629482 100.0 98.13525268208035
83.5270211411272 92.31163463866358 98.01986733067552 100.0 98.07286536524886 96.07894391523232 98.13525268208035 98.9467622749339 99.53051729629482 100.0 100.0
82.27234716960692 91.26969772411351 97.38612040331556 99.9459605525178 98.65773841008382 93.66876481572943 92.74706607206595 94.39830591403836 96.07894391523232 98.01986733067552 98.01986733067552
90.48374180359595 92.31163463866358 96.59969572738657 99.78401736266909 99.13886433272374 94.73808953395988 87.07691491852296 86.73150912512563 90.48374180359595 92.31163463866358 92.31163463866358
96.07894391523232 98.01986733067552 96.07894391523232 99.5146949424141 99.5146949424141 95.71608888069734 88.54833528783513 78.79045086541325 81.87307530779819 83.5270211411272 83.5270211411272
98.01986733067552 100.0 99.0049833749168 99.13886433272374 99.78401736266909 96.59969572738657 89.94732669384801 80.55611076677214 71.17703227626097 72.6149037073691 72.6149037073691
96.07894391523232 99.0049833749168 100.0 98.65773841008382 99.9459605525178 97.38612040331556 91.26969772411351 82.27234716960692 71.33109505660123 60.653065971263345 60.653065971263345
91.39311852712282 96.07894391523232 98.01986733067552 98.07286536524886 100.0 98.01986733067552 92.31163463866358 83.5270211411272 72.6149037073691 60.653065971263345 48.67522559599717
