69.76763260710311 77.10515858035663 85.21437889662113 90.48374180359595 92.31163463866358 90.48374180359595 85.58367140287588 79.66838951101087 73.1665064105172 66.29331780827967 59.92957878455386 56.10192838421706 52.30909131025009 48.577972430388506 44.932896411722155 40.65696597405991 35.34546819587803 29.523016692401427 23.692775868212184 18.26835240527347 13.53352832366127
77.10515858035663 85.21437889662113 90.48374180359595 96.07894391523232 98.01986733067552 96.1828692095023 92.4864435794321 87.73837502104432 82.11684392711378 75.82389111727687 71.31952878982824 67.57041139606262 63.76281516217733 59.92957878455386 55.989836656540206 50.66169923655897 44.04316545059993 36.78794411714422 29.523016692401427 22.763768838381278 16.863814726859555
81.87307530779819 90.48374180359595 96.07894391523232 98.01986733067552 100.0 99.32660187990115 97.33349348192527 94.10012502002063 89.75305608544599 85.04412045402331 81.87307530779819 78.50561775518295 74.97615922390412 71.31952878982824 67.03200460356393 60.653065971263345 52.729242404304856 44.04316545059993 35.34546819587803 27.253179303401264 20.189651799465537
83.5270211411272 92.31163463866358 98.01986733067552 100.0 99.80019986673331 99.89195030765447 99.75705235341213 98.28514421182206 95.53517557638837 93.05308958112057 90.66489037539209 87.9853379144644 85.04412045402331 81.87307530779819 77.10515858035663 69.76763260710311 60.653065971263345 50.66169923655897 40.65696597405991 31.348618088260526 23.22362747297589
81.87307530779819 90.48374180359595 96.07894391523232 98.21610323583008 99.20319148370606 99.80019986673331 100.0 99.9729766249449 99.20319148370606 98.21610323583008 96.85065820791976 95.1229424500714 93.05308958112057 90.48374180359595 85.21437889662113 77.10515858035663 67.03200460356393 55.989836656540206 44.932896411722155 34.64558103300575 25.66607769535559
77.10515858035663 85.21437889662113 92.31163463866358 98.01986733067552 100.0 99.84917046602152 99.39804546498132 99.20319148370606 99.9729766249449 100.0 99.80019986673331 99.20319148370606 98.21610323583008 96.07894391523232 90.48374180359595 81.87307530779819 71.17703227626097 59.452054797019436 47.71139155210344 36.78794411714422 27.253179303401264
71.17703227626097 81.87307530779819 90.48374180359595 96.07894391523232 98.16793356739153 99.06103979507199 99.6609534238497 99.96227127001941 99.96227127001941 99.75705235341213 99.89195030765447 99.80019986673331 100.0 98.01986733067552 92.31163463866358 83.5270211411272 72.6149037073691 60.653065971263345 48.67522559599717 37.531109885139955 27.803730045319412
67.03200460356393 77.10515858035663 85.21437889662113 90.48374180359595 92.87067387173691 94.7110391741038 96.29672760127079 97.61383569984339 98.65069527374929 99.39804546498132 99.84917046602152 100.0 98.01986733067552 96.07894391523232 90.48374180359595 81.87307530779819 71.17703227626097 59.452054797019436 47.71139155210344 36.78794411714422 27.253179303401264
60.653065971263345 69.76763260710311 77.10515858035663 81.87307530779819 84.66947030565282 87.26450301126654 89.6679660609246 91.85989405912512 93.82174020658519 95.53663711498618 96.98963801913573 98.01986733067552 96.07894391523232 90.48374180359595 85.21437889662113 77.10515858035663 67.03200460356393 55.989836656540206 44.932896411722155 34.64558103300575 25.66607769535559
52.729242404304856 60.653065971263345 67.03200460356393 71.20389660214565 77.10515858035663 81.87307530779819 83.5270211411272 83.30667487828165 85.98963706611544 88.49145866042554 90.79156750465367 92.31163463866358 90.48374180359595 85.21437889662113 77.10515858035663 69.76763260710311 60.653065971263345 50.66169923655897 40.65696597405991 31.348618088260526 23.22362747297589
44.932896411722155 55.989836656540206 67.03200460356393 77.10515858035663 85.21437889662113 90.48374180359595 92.31163463866358 90.48374180359595 86.02018264976165 80.8679230993835 81.9039766379873 83.5270211411272 81.87307530779819 77.10515858035663 69.76763260710311 60.653065971263345 52.729242404304856 44.04316545059993 35.34546819587803 27.253179303401264 20.380569076634764
47.71139155210344 59.452054797019436 71.17703227626097 81.87307530779819 90.48374180359595 96.07894391523232 98.01986733067552 96.30527818975757 93.12975310024483 89.11040159440371 84.36648165963835 79.0338362981498 73.25845848290183 67.18991266867864 60.975021922538744 54.752183260826506 48.64660153002076 42.766642645865346 37.20140973176772 32.019550090389245 27.269215301352013
48.67522559599717 60.653065971263345 72.6149037073691 83.5270211411272 92.31163463866358 98.01986733067552 100.0 99.4719871496161 97.90461764692282 95.34702466093687 91.87824748052753 87.60317528329516 82.64728304384491 77.15052789860101 71.26081923807597 65.12748498965351 58.895130975055345 52.69823432380834 46.65673289805307 40.872779502140276 35.34546819587803
47.71139155210344 59.452054797019436 71.17703227626097 81.87307530779819 90.48374180359595 96.07894391523232 98.54017210216539 99.76498248197852 99.94119376823444 99.06323873268043 97.15879060282624 94.28731438548749 90.53698319176526 86.02018264976165 80.8679230993835 75.2235467512175 69.23615014538076 63.05413955683753 56.81930065891354 50.66169923655897 44.04316545059993
44.932896411722155 55.989836656540206 67.03200460356393 77.10515858035663 85.21437889662113 90.53698319176526 94.28731438548749 97.15879060282624 99.06323873268043 99.94119376823444 99.76498248197852 98.54017210216539 96.30527818975757 93.12975310024483 89.11040159440371 84.36648165963835 79.0338362981498 73.25845848290183 67.18991266867864 60.653065971263345 52.729242404304856
40.65696597405991 50.66169923655897 60.653065971263345 69.76763260710311 77.10515858035663 82.64728304384491 87.6031752832952 91.87824748052753 95.34702466093687 97.90461764692282 99.4719871496161 100.0 99.4719871496161 97.90461764692282 95.34702466093687 91.87824748052753 87.60317528329516 82.64728304384491 77.10515858035663 69.76763260710311 60.653065971263345
35.34546819587803 44.04316545059993 52.729242404304856 60.653065971263345 67.18991266867862 73.2584584829018 79.03383629814984 84.36648165963835 89.11040159440371 93.12975310024483 96.30527818975757 98.54017210216539 99.76498248197852 99.94119376823444 99.06323873268043 97.15879060282624 94.28731438548749 90.53698319176526 85.21437889662113 77.10515858035663 67.03200460356393
29.523016692401427 36.78794411714422 44.04316545059993 50.66169923655897 56.81930065891352 63.054139556837505 69.23615014538076 75.22354675121751 80.8679230993835 86.02018264976165 90.53698319176526 94.28731438548749 97.15879060282624 99.06323873268043 99.94119376823444 99.76498248197852 98.54017210216539 96.07894391523232 90.48374180359595 81.87307530779819 71.17703227626097
23.692775868212184 29.523016692401427 35.34546819587803 40.87277950214032 46.65673289805305 52.698234323808336 58.895130975055345 65.12748498965354 71.26081923807601 77.15052789860101 82.64728304384491 87.6031752832952 91.87824748052753 95.34702466093687 97.90461764692282 99.4719871496161 100.0 98.01986733067552 92.31163463866358 83.5270211411272 72.6149037073691
18.26835240527347 22.763768838381278 27.26921530135203 32.01955009038928 37.2014097317677 42.766642645865325 48.64660153002076 54.75218326082653 60.97502192253877 67.18991266867862 73.2584584829018 79.03383629814984 84.36648165963835 89.11040159440371 93.12975310024483 96.30527818975757 98.01986733067552 96.07894391523232 90.48374180359595 81.87307530779819 71.17703227626097
