0.9466462401710334 1.2778387649535765 1.6572675401761259 2.065082518171257 2.4723526470339383 2.843882471418451 3.1429762018367717 3.337326996032607 3.404745473459935 3.337326996032607 5.079283386489853 7.4273578214333895 10.435048475476501 14.0858420921045 18.26835240527347 22.763768838381278 27.253179303401264 31.348618088260526 34.64558103300575 36.78794411714422 37.531109885139955 36.78794411714422 34.64558103300575 31.348618088260526 27.253179303401264 22.763768838381278 18.26835240527347 14.0858420921045 10.435048475476501 7.4273578214333895 5.079283386489853
1.5607557919982848 2.1067999523041445 2.7323722447292553 3.404745473459935 4.07622039783662 4.688769521998851 5.1818917172725865 5.502322005640725 5.613476283413374 5.502969375721233 6.587475442640296 9.6327638230493 13.53352832366127 18.26835240527347 23.692775868212184 29.523016692401427 35.34546819587803 40.65696597405991 44.932896411722155 47.71139155210344 48.67522559599717 47.71139155210344 44.932896411722155 40.65696597405991 35.34546819587803 29.523016692401427 23.692775868212184 18.26835240527347 13.53352832366127 9.6327638230493 6.587475442640296
2.4723526470339383 3.337326996032607 4.32827979019659 5.393368730035602 6.457034689316848 7.4273578214333895 8.208499862389877 8.716085146198127 8.892161745938635 8.72018779858002 8.428685041195116 12.003162851145674 16.863814726859555 22.763768838381278 29.523016692401427 36.78794411714422 44.04316545059993 50.66169923655897 55.989836656540206 59.452054797019436 60.653065971263345 59.452054797019436 55.989836656540206 50.66169923655897 44.04316545059993 36.78794411714422 29.523016692401427 22.763768838381278 16.863814726859555 12.003162851145674 9.827358560436156
3.7628256807176226 5.079283386489853 6.587475442640296 8.208499862389877 9.827358560436156 11.304153064044986 12.493021219858248 13.265546508012175 13.53352832366127 13.279599819460838 12.875004976151319 14.370394977770298 20.189651799465537 27.253179303401264 35.34546819587803 44.04316545059993 52.729242404304856 60.653065971263345 67.03200460356393 71.17703227626097 72.6149037073691 71.17703227626097 67.03200460356393 60.653065971263345 52.729242404304856 44.04316545059993 35.34546819587803 27.253179303401264 20.189651799465537 16.529888822158657 14.370394977770298
5.502322005640725 7.4273578214333895 9.6327638230493 12.003162851145674 14.370394977770298 16.529888822158657 18.26835240527347 19.398004229089185 19.789869908361467 19.43455250699033 18.900156188780525 18.376129983876165 23.22362747297589 31.348618088260526 40.65696597405991 50.66169923655897 60.653065971263345 69.76763260710311 77.10515858035663 81.87307530779819 83.5270211411272 81.87307530779819 77.10515858035663 69.76763260710311 60.653065971263345 50.66169923655897 40.65696597405991 31.348618088260526 25.66607769535559 23.22362747297589 20.189651799465537
7.730474044329972 10.435048475476501 13.53352832366127 16.863814726859555 20.189651799465537 23.22362747297589 25.66607769535559 27.253179303401264 27.803730045319412 27.333453705841045 26.663293201161864 26.0034444870397 27.253179303401264 34.64558103300575 44.932896411722155 55.989836656540206 67.03200460356393 77.10515858035663 85.21437889662113 90.48374180359595 92.31163463866358 90.48374180359595 85.21437889662113 77.10515858035663 67.03200460356393 55.989836656540206 44.932896411722155 36.78794411714422 34.64558103300575 31.348618088260526 27.253179303401264
10.435048475476501 14.0858420921045 18.26835240527347 22.763768838381278 27.253179303401264 31.348618088260526 34.64558103300575 36.78794411714422 37.531109885139955 36.944082292615164 36.14869231976522 35.362105271681 36.78794411714422 37.531109885139955 47.71139155210344 59.452054797019436 71.17703227626097 81.87307530779819 90.48374180359595 96.07894391523232 98.01986733067552 96.07894391523232 90.48374180359595 81.87307530779819 71.17955186182068 59.55526465881322 48.67522559599717 47.71139155210344 44.932896411722155 40.65696597405991 35.34546819587803
13.53352832366127 18.26835240527347 23.692775868212184 29.523016692401427 35.34546819587803 40.65696597405991 44.932896411722155 47.71139155210344 48.67522559599717 47.98722798571601 47.09792804569519 46.214233407197 47.71139155210344 48.67522559599717 50.66169923655897 60.653065971263345 72.6149037073691 83.5270211411272 92.31163463866358 98.01986733067552 100.0 98.14485722675327 92.78338020372074 84.49050933868641 74.1106737041523 62.61648568697022 60.653065971263345 59.452054797019436 55.989836656540206 50.66169923655897 44.04316545059993
16.863814726859555 22.763768838381278 29.523016692401427 36.78794411714422 44.04316545059993 50.66169923655897 55.989836656540206 59.452054797019436 60.653065971263345 59.90138326459202 58.971397541687 58.04219151407425 59.452054797019436 60.653065971263345 60.653065971263345 67.03200460356393 71.17703227626097 81.94556142551596 90.87213166450701 97.0668847591371 99.87264753384993 98.98220608773399 94.49368603721402 86.89275097362604 76.9660854597911 72.6149037073691 72.6149037073691 71.17703227626097 67.03200460356393 60.653065971263345 52.729242404304856
20.189651799465537 27.253179303401264 35.34546819587803 44.04316545059993 52.729242404304856 60.653065971263345 67.03200460356393 71.17703227626097 72.6149037073691 71.8585495972426 70.9596469363723 70.05550336265611 71.17703227626097 72.6149037073691 71.17703227626097 77.10515858035663 81.87307530779819 83.5270211411272 88.77370932219615 95.75638923426182 99.49156242850674 99.57259739174498 95.9905579560084 89.1358255745771 83.5270211411272 83.5270211411272 83.5270211411272 81.87307530779819 77.10515858035663 69.76763260710311 60.653065971263345
23.22362747297589 31.348618088260526 40.65696597405991 50.66169923655897 60.653065971263345 69.76763260710311 77.10515858035663 81.87307530779819 83.5270211411272 82.84197620019054 82.05629040495506 81.25893417351067 81.87307530779819 83.5270211411272 81.87307530779819 85.21437889662113 90.48374180359595 92.31163463866358 92.31163463866358 94.2231364416677 98.85964920190385 99.91154357056466 97.26293424454073 92.31163463866358 92.31163463866358 92.31163463866358 92.31163463866358 90.48374180359595 85.21437889662113 77.10515858035663 67.03200460356393
25.66607769535559 34.64558103300575 44.932896411722155 55.989836656540206 67.03200460356393 77.10515858035663 85.21437889662113 90.48374180359595 92.31163463866358 91.78101611476687 91.18905618153322 90.57959885734331 90.48374180359595 92.31163463866358 90.48374180359595 90.48374180359595 96.07894391523232 98.01986733067552 98.01986733067552 98.01986733067552 98.01986733067552 99.99646023964215 98.30131874975704 98.01986733067552 98.01986733067552 98.01986733067552 98.01986733067552 96.07894391523232 90.48374180359595 81.87307530779819 71.17703227626097
27.253179303401264 36.78794411714422 47.71139155210344 59.452054797019436 71.17703227626097 81.87307530779819 90.48374180359595 96.07894391523232 98.01986733067552 97.72049994355523 97.38766868462784 97.03313702013605 96.65715046375067 98.01986733067552 96.07894391523232 95.40312764529155 98.01986733067552 100.0 100.0 100.0 100.0 100.0 100.0 100.0 100.0 100.0 100.0 98.01986733067552 92.31163463866358 83.5270211411272 72.6149037073691
27.803730045319412 37.531109885139955 48.67522559599717 60.653065971263345 72.6149037073691 83.5270211411272 92.31163463866358 98.01986733067552 100.0 99.98823598613204 99.95295224739826 99.89417368264314 99.81194175740353 100.0 99.57736620919626 99.42518781519392 99.2498863246816 99.05158491953785 98.8304227677392 98.58655486059477 98.32015183173328 99.40355574479304 99.64664347786199 98.01986733067552 98.01986733067552 98.01986733067552 98.01986733067552 96.07894391523232 90.48374180359595 81.87307530779819 71.17703227626097
27.253179303401264 36.78794411714422 47.71139155210344 59.452054797019436 71.17703227626097 81.87307530779819 90.48374180359595 96.07894391523232 98.03139975813804 98.32015183173327 98.58655486059476 98.83042276773918 99.97969749271009 99.2498863246816 99.42518781519392 99.57736620919626 99.7063144551593 99.81194175740353 99.89417368264314 99.95295224739826 99.98823598613204 100.0 99.94337886767492 97.45248016329613 92.31163463866358 92.31163463866358 92.31163463866358 90.48374180359595 85.21437889662113 77.10515858035663 67.03200460356393
25.66607769535559 34.64558103300575 44.932896411722155 55.989836656540206 67.03200460356393 77.10515858035663 85.21437889662113 90.48374180359595 92.35508563086631 94.3008292121181 98.18420064867765 99.91881469900123 99.38766923527027 96.6267352332575 95.40312764529155 95.8418653890348 96.25996872073243 96.65715046375067 97.03313702013604 97.38766868462783 97.72049994355521 98.01986733067552 99.98584171034504 98.45105946887112 93.37645377451513 85.30793980545849 83.5270211411272 81.87307530779819 77.10515858035663 69.76763260710311 60.653065971263345
29.073881748879643 36.45149121000972 44.66909435847636 53.50305279735831 62.636797638312956 71.67374490572558 80.16230843141953 87.63143048971422 93.63304667677778 97.78629156664113 99.81742575316537 99.58967662359275 97.11847328527953 92.56971757691086 87.97498730711037 88.65031605843168 89.30981233871043 89.95304689650399 90.57959885734331 91.18905618153322 91.78101611476687 96.65543973286401 99.77370775525767 99.20670316325698 95.01693527258999 87.65891975828704 77.89799967886512 71.17703227626097 67.03200460356393 60.653065971263345 52.729242404304856
35.4155107663912 43.53194598773597 52.30006412427052 61.41520823661328 70.49027482202936 79.0791598192353 86.71105232863219 92.93224633418107 97.35045387515603 99.67565404519564 99.75157811468479 97.57308218247913 93.28672364075375 87.17445168646066 79.62293390067985 78.80172534540911 79.63116052304797 80.45039426911883 81.25893417351067 82.05629040495506 88.03518443273465 95.26952777428951 99.30859596271 99.71368500172618 96.44012971810777 89.84541118484694 80.62488543306482 69.69111542559531 58.02575711437827 50.66169923655897 44.04316545059993
42.40652176761621 51.10336718314613 60.192994360280274 69.29819896884322 77.97897363139278 85.76550504017492 92.19924224025253 96.87720974295489 99.49367197054512 99.87317693520852 97.9900181097732 93.97111472351584 88.0818620550314 80.69714372537725 72.26190507488268 67.3165069085482 68.23344850251628 69.14660837295375 70.05550336265611 75.54895112686471 85.71051347401858 93.66446345483233 98.5940479287867 99.968146667172 97.63548297769789 91.85204128647196 83.23481927731413 72.65347053148214 61.08615411301101 49.47255016305216 38.594099015108455
49.91377863247916 58.97115102098232 68.09862268210412 76.86287405892858 84.79582669801843 91.43488126746628 96.36712436044368 99.27170058078407 99.95432515494684 98.36878080542849 94.62209377148149 88.96258350396829 81.75264015826487 73.43037649235731 64.46578725979116 55.31748083531247 56.18779698099371 57.11418667353287 61.08615411301103 72.65347053148214 83.23481927731413 91.85204128647196 97.63548297769789 99.968146667172 98.5940479287867 93.66446345483233 85.71051347401858 75.54895112686471 64.14427144886442 52.45929012586841 41.32587305571034
57.750652786084935 66.8926414435143 75.73198867433935 83.80307307657935 90.64004147625838 95.82080481502727 99.01000913614698 99.99492398670193 98.70891456123704 95.23889888730568 89.81563043656466 82.78831574618208 74.58744656529127 65.68133928761716 56.532452627132635 47.559055687614475 44.46487705005159 46.5370994444775 58.02575711437829 69.69111542559531 80.62488543306482 89.84541118484694 96.44012971810777 99.71368500172618 99.30859596271 95.26952777428951 88.03518443273465 78.35985784193272 67.18403686870263 55.48475171255502 44.13837025747037
65.68133928761716 74.58744656529127 82.78831574618208 89.81563043656469 95.23889888730568 98.70891456123704 99.99492398670193 99.01000913614698 95.82080481502727 90.64004147625838 83.80307307657932 75.73198867433935 66.8926414435143 57.750652786084935 48.73208772675704 40.19321116092521 33.816028020150625 43.66439533042847 54.978384422990004 66.67938600153869 77.89799967886512 87.65891975828704 95.01693527258999 99.20670316325698 99.77370775525767 96.65543973286401 90.19274099443409 81.06846785583038 70.18873900311229 58.535321770566014 47.02227912920122
73.43037649235731 81.75264015826487 88.96258350396829 94.6220937714815 98.36878080542849 99.95432515494684 99.27170058078407 96.36712436044368 91.43488126746628 84.7958266980184 76.86287405892855 68.09862268210412 58.97115102098232 49.91377863247916 41.293420647149 33.3903398696258 30.95824040172466 40.86473765378389 51.95845839403241 63.63541697250871 75.07176496797324 85.30793980545849 93.37645377451513 98.45105946887112 99.98584171034504 97.81190446535074 92.1679691355637 83.6572176901802 73.14117114204333 61.59642383986979 49.967104367246776
80.69714372537725 88.0818620550314 93.97111472351584 97.99001810977322 99.87317693520852 99.49367197054512 96.87720974295489 92.19924224025253 85.76550504017494 77.97897363139276 69.29819896884317 60.192994360280274 51.10336718314613 42.40652176761621 34.39500336250295 27.26701691635788 28.618550937740462 38.14723857779663 48.979423163960135 60.57582279595331 72.16391274670177 82.80869085057002 91.5307160758722 97.45248016329613 99.94337886767492 98.73025406251097 93.94671014022548 86.10889049324174 76.02378806619632 64.65261759248413 52.961199816581725
87.17445168646066 93.28672364075375 97.57308218247913 99.75157811468479 99.67565404519564 97.35045387515603 92.93224633418107 86.71105232863216 79.07915981923533 70.49027482202933 61.41520823661325 52.30006412427052 43.53194598773597 35.4155107663912 28.161676495545624 21.88784822623949 26.388344023043075 35.51980896849864 46.05366533113892 57.51655623359044 69.1921211652045 80.17805363740112 89.49308291521369 96.21848715930577 99.64664347786199 99.40355574479304 95.51602933037356 88.40680506464409 78.81887407271175 67.68771487439227 55.9918186327398
92.56971757691086 97.11847328527953 99.58967662359275 99.81742575316535 97.78629156664113 93.63304667677778 87.63143048971422 80.1623084314195 71.6737449057256 62.636797638312935 53.503052797358286 44.66909435847636 36.45149121000972 29.073881748879643 22.665761121228332 17.270987213361412 24.269999094965854 32.98916042524952 43.19245214889276 54.47278174737633 66.17384076462432 77.43338153485941 87.27808405074 94.75830369111316 99.0978988792492 99.82669901244658 96.86437254635733 90.53500374786854 81.50872004960037 70.6849114014797 59.04518093173363
96.6267352332575 99.38766923527027 99.91881469900123 98.18420064867765 94.3008292121181 88.52562104057775 81.22730054445793 72.84749567058432 63.85674832646241 54.71148983988524 45.8173376947718 37.50254377472064 30.003448287331857 23.46179214143963 17.932083912844238 15.624678226669989 22.26488767734438 30.56082189951987 40.40588714342187 51.45876490295922 63.12612995786966 74.59231177819812 84.90124606450473 93.08273953595038 98.30131874975704 99.99646023964215 97.98170773247281 92.47843625026965 84.07580720190744 73.62693282746704 62.106558912272256
99.14580116763689 99.97969749271009 98.5437030166192 94.93481427516157 89.3926269597725 82.27302440395277 74.01040703936646 65.07402811582233 55.924505956344525 46.976016820801874 38.568237276214745 30.95016430423369 24.275919860848422 18.610926718016174 13.945685621505094 14.158326968612297 20.373440837597006 28.239169653750086 37.702882773437615 48.48777861687816 60.065502358155854 71.67257938375012 82.37891168629028 91.20405780149383 97.26293424454073 99.91154357056466 98.85964920190385 94.2231364416677 86.50299482091542 76.4961935783085 65.16037911393651
100.0 98.8643655871441 95.53425810757524 90.23147453348271 83.29837733713806 75.16135413376402 66.28758821774983 57.14120676009973 48.144442883282466 39.64811010217547 31.913790048199996 25.108099681502168 19.307625764934844 14.511872976004545 10.66099235411167 12.796933657487514 18.59522261854149 26.02746917060785 35.09114947791985 45.57202674883649 57.007787716265504 68.6918364347628 79.72805356787958 89.1358255745771 95.9905579560084 99.57259739174498 99.49156242850674 95.75638923426182 88.77370932219615 79.27496654223596 68.19034114303741
98.01986733067552 96.07894391523232 91.0412151726821 84.30226767187848 76.29920903896577 67.49636464301267 58.3606736855703 49.3218977337444 40.74167010793631 32.89405733692945 25.958263103232742 20.02227317991634 15.094916073364285 11.12314479346597 8.01131938845745 11.537003513869772 16.92900787897216 23.927927518731437 32.577200217597344 42.72258521323246 53.96800791207905 65.66747924657717 76.9660854597911 86.89275097362604 94.49368603721402 98.98220608773399 99.87264753384993 97.0668847591371 90.872131664507 81.94556142551596 71.17703227626097
